Date,Open,High,Low,Close,Volume,OpenInt
2005-02-25,14.217,14.267,13.948,14.044,1531545,0
2005-02-28,13.948,13.956,13.68,13.898,961431,0
2005-03-01,13.898,14.101,13.898,13.922,688895,0
2005-03-02,13.888,14.249,13.8,14.165,897826,0
2005-03-03,14.182,14.32,14.053,14.182,607515,0
2005-03-04,14.258,14.648,14.258,14.546,1970875,0
2005-03-07,14.519,14.702,14.389,14.389,988440,0
2005-03-08,14.546,14.546,14.182,14.303,707709,0
2005-03-09,14.165,14.329,14.111,14.225,646302,0
2005-03-10,14.217,14.459,13.956,14.287,563537,0
2005-03-11,14.287,14.397,14.165,14.217,389928,0
2005-03-14,14.217,14.468,14.217,14.384,434026,0
2005-03-15,14.519,14.528,14.062,14.094,1079170,0
2005-03-16,14.094,14.182,13.714,13.898,805253,0
2005-03-17,13.898,14.157,13.8,14.094,1677678,0
2005-03-18,14.554,14.554,13.965,14.182,1678145,0
2005-03-21,14.208,14.241,13.965,14.182,1076974,0
2005-03-22,14.258,14.564,14.198,14.258,1005752,0
2005-03-23,14.182,14.249,14.053,14.225,559724,0
2005-03-24,14.225,14.312,14.191,14.232,293657,0
2005-03-28,14.217,14.303,14.111,14.182,613638,0
2005-03-29,14.182,14.639,13.739,13.982,1367056,0
2005-03-30,13.982,14.364,13.982,14.346,773275,0
2005-03-31,14.258,14.468,14.147,14.397,1215376,0
2005-04-01,14.389,14.483,12.959,13.377,1291332,0
2005-04-04,13.404,13.756,13.359,13.661,604054,0
2005-04-05,13.507,13.756,13.377,13.522,457918,0
2005-04-06,13.462,13.652,13.386,13.522,589159,0
2005-04-07,13.462,13.625,13.038,13.124,1148429,0
2005-04-08,13.124,13.253,12.683,13.004,1330229,0
2005-04-11,12.951,12.951,12.474,12.656,1023416,0
2005-04-12,12.656,12.744,12.406,12.708,681736,0
2005-04-13,12.683,12.683,11.566,11.99,1577834,0
2005-04-14,11.825,11.904,11.228,11.314,1031380,0
2005-04-15,11.098,11.271,10.587,10.847,1862255,0
2005-04-18,10.804,11.521,10.76,11.34,1735859,0
2005-04-19,11.322,11.608,11.271,11.608,1038304,0
2005-04-20,11.53,11.608,11.246,11.445,735064,0
2005-04-21,11.47,11.645,11.192,11.393,1033342,0
2005-04-22,11.246,11.34,10.551,10.898,1247352,0
2005-04-25,11.003,11.297,10.969,11.263,1628045,0
2005-04-26,11.228,11.367,11.012,11.209,878203,0
2005-04-27,11.14,11.228,10.916,11.14,891014,0
2005-04-28,11.012,11.089,10.804,10.814,409895,0
2005-04-29,10.854,10.994,10.751,10.847,912602,0
2005-05-02,10.847,11.037,10.776,10.821,574159,0
2005-05-03,10.734,11.012,10.526,10.925,964317,0
2005-05-04,10.888,11.246,10.88,11.228,854768,0
2005-05-05,11.202,11.608,11.098,11.549,1534548,0
2005-05-06,11.626,11.841,11.575,11.782,1220686,0
2005-05-09,11.756,11.833,11.645,11.833,666271,0
2005-05-10,11.774,11.808,11.33,11.479,752381,0
2005-05-11,11.418,11.566,10.76,11.367,707826,0
2005-05-12,11.14,11.271,10.804,10.959,760694,0
2005-05-13,11.02,11.135,10.768,10.88,466460,0
2005-05-16,10.795,10.975,10.76,10.888,496239,0
2005-05-17,10.838,10.916,10.655,10.742,800863,0
2005-05-18,10.786,11.228,10.786,11.012,838148,0
2005-05-19,11.108,11.14,10.814,10.959,476158,0
2005-05-20,10.933,10.969,10.57,10.969,1222305,0
2005-05-23,10.969,11.052,10.768,10.984,1428810,0
2005-05-24,10.95,10.969,10.716,10.751,742920,0
2005-05-25,10.672,10.786,10.448,10.707,832033,0
2005-05-26,10.847,10.847,10.492,10.526,744879,0
2005-05-27,10.498,11.037,10.432,10.984,3916013,0
2005-05-31,11.184,11.322,11.003,11.037,1057930,0
2005-06-01,10.984,11.271,10.854,11.271,593550,0
2005-06-02,11.263,11.297,11.089,11.228,1298604,0
2005-06-03,11.228,11.479,11.052,11.479,822679,0
2005-06-06,11.479,11.479,11.061,11.418,503512,0
2005-06-07,11.418,11.774,11.314,11.559,713019,0
2005-06-08,11.73,11.798,11.393,11.635,750998,0
2005-06-09,11.668,11.704,11.4,11.608,529599,0
2005-06-10,11.549,11.73,11.454,11.668,303934,0
2005-06-13,11.626,11.808,11.479,11.617,769584,0
2005-06-14,11.617,12.068,11.6,11.98,819222,0
2005-06-15,12.026,12.155,11.73,11.861,753537,0
2005-06-16,12.275,12.649,12.171,12.553,1871837,0
2005-06-17,12.579,12.64,12.171,12.252,1639475,0
2005-06-20,12.164,12.242,11.904,12.049,722487,0
2005-06-21,11.973,12.155,11.93,12.111,828341,0
2005-06-22,12.762,12.864,12.474,12.789,1907159,0
2005-06-23,12.908,13.072,12.829,12.908,2385624,0
2005-06-24,12.899,13.038,12.536,12.908,4915650,0
2005-06-27,12.789,12.882,12.458,12.656,1299411,0
2005-06-28,12.493,13.038,12.493,12.996,829260,0
2005-06-29,12.996,13.244,12.872,13.124,979088,0
2005-06-30,13.281,13.281,12.829,13.134,549801,0
2005-07-01,13.195,13.35,12.943,13.35,868161,0
2005-07-05,13.281,13.549,13.177,13.5,1555670,0
2005-07-06,13.507,13.566,13.453,13.522,628294,0
2005-07-07,13.418,13.698,13.261,13.601,590892,0
2005-07-08,13.634,13.791,13.507,13.748,780435,0
2005-07-11,13.714,13.904,13.661,13.904,437835,0
2005-07-12,13.8,13.922,13.418,13.898,648607,0
2005-07-13,13.625,13.878,13.558,13.808,531103,0
2005-07-14,13.844,13.922,13.714,13.898,497740,0
2005-07-15,13.844,13.898,13.522,13.844,921373,0
2005-07-18,13.861,14.138,13.756,14.138,939844,0
2005-07-19,14.111,14.346,13.869,14.346,930262,0
2005-07-20,14.303,14.432,14.258,14.32,527293,0
2005-07-21,14.32,14.346,14.101,14.182,487582,0
2005-07-22,14.111,14.293,14.077,14.293,499702,0
2005-07-25,14.208,14.208,13.844,14.157,1120952,0
2005-07-26,14.094,14.258,13.844,14.258,958078,0
2005-07-27,14.182,14.277,13.426,14.225,1284290,0
2005-07-28,14.303,14.614,14.191,14.364,978399,0
2005-07-29,14.364,14.692,14.303,14.685,747996,0
2005-08-01,14.685,14.769,14.477,14.59,786204,0
2005-08-02,14.519,14.675,14.355,14.607,615712,0
2005-08-03,14.572,14.581,14.374,14.44,490931,0
2005-08-04,14.303,14.581,14.258,14.572,542411,0
2005-08-05,14.483,14.675,14.477,14.597,619173,0
2005-08-08,14.746,14.936,14.493,14.891,2682052,0
2005-08-09,14.936,15.048,14.769,14.977,455147,0
2005-08-10,15.064,15.186,14.954,15.101,607285,0
2005-08-11,14.977,15.057,14.824,15.031,694203,0
2005-08-12,14.91,15.127,14.777,15.064,1403880,0
2005-08-15,15.021,15.177,14.857,15.137,428714,0
2005-08-16,15.109,15.109,14.554,14.832,657847,0
2005-08-17,14.796,14.824,14.546,14.639,405510,0
2005-08-18,14.597,14.597,14.182,14.364,604397,0
2005-08-19,14.364,14.607,14.346,14.607,332558,0
2005-08-22,14.607,14.769,14.554,14.607,379307,0
2005-08-23,14.581,14.63,14.198,14.198,323555,0
2005-08-24,14.036,14.346,13.844,14.277,648030,0
2005-08-25,14.293,14.293,13.739,13.878,925413,0
2005-08-26,13.878,14.062,13.549,13.956,449143,0
2005-08-29,13.826,14.009,13.549,13.888,363728,0
2005-08-30,13.888,13.922,13.549,13.644,333829,0
2005-08-31,13.618,13.625,13.289,13.625,648262,0
2005-09-01,13.844,13.878,13.549,13.844,729757,0
2005-09-02,13.844,13.844,13.48,13.566,237668,0
2005-09-06,13.566,13.948,13.566,13.722,702055,0
2005-09-07,13.714,13.766,13.661,13.756,277614,0
2005-09-08,13.756,13.965,13.739,13.844,587780,0
2005-09-09,13.818,13.869,13.756,13.826,456878,0
2005-09-12,13.8,13.826,13.507,13.566,730105,0
2005-09-13,13.566,13.576,13.471,13.5,1142079,0
2005-09-14,13.507,13.576,13.453,13.5,713599,0
2005-09-15,13.593,13.601,13.35,13.394,613748,0
2005-09-16,13.507,13.541,13.038,13.124,1009445,0
2005-09-19,13.115,13.261,13.081,13.169,756192,0
2005-09-20,13.244,13.418,13.055,13.142,1939016,0
2005-09-21,13.124,13.142,12.856,13.03,1001367,0
2005-09-22,12.996,13.03,12.771,12.829,728486,0
2005-09-23,12.797,13.368,12.752,13.237,953234,0
2005-09-26,13.331,13.462,13.219,13.281,375038,0
2005-09-27,13.299,13.377,13.106,13.212,830645,0
2005-09-28,13.212,13.34,13.072,13.081,390739,0
2005-09-29,13.507,13.731,13.324,13.377,1389220,0
2005-09-30,13.453,13.698,13.331,13.522,1846444,0
2005-10-03,12.908,12.968,12.656,12.89,3436512,0
2005-10-04,12.872,13.186,12.872,13.012,1164470,0
2005-10-05,12.996,12.996,12.466,12.527,880397,0
2005-10-06,12.561,12.579,12.242,12.406,620674,0
2005-10-07,12.38,12.527,12.319,12.371,310509,0
2005-10-10,12.309,12.406,11.912,11.963,1117608,0
2005-10-11,12.042,12.164,11.921,11.963,662001,0
2005-10-12,12.026,12.111,11.868,12.026,1137462,0
2005-10-13,12.058,12.111,11.73,11.841,4454040,0
2005-10-14,11.904,12.068,11.73,11.851,835722,0
2005-10-17,11.851,11.894,11.65,11.73,513322,0
2005-10-18,11.73,11.73,11.427,11.488,898170,0
2005-10-19,11.437,11.437,11.135,11.34,1815393,0
2005-10-20,11.393,11.6,11.166,11.33,2205436,0
2005-10-21,11.393,11.495,11.202,11.228,1040847,0
2005-10-24,11.305,11.384,11.28,11.34,765426,0
2005-10-25,11.34,11.418,11.202,11.322,1754561,0
2005-10-26,11.322,11.566,11.28,11.297,420868,0
2005-10-27,11.14,11.14,10.638,10.795,1114954,0
2005-10-28,10.804,10.854,10.698,10.847,1010025,0
2005-10-31,10.847,11.255,10.847,11.14,1443699,0
2005-11-01,11.686,11.686,11.228,11.418,2186620,0
2005-11-02,11.427,11.503,11.289,11.376,1050426,0
2005-11-03,11.393,11.6,11.079,11.314,1266630,0
2005-11-04,11.393,11.427,11.236,11.289,973783,0
2005-11-07,11.348,11.479,11.289,11.393,874620,0
2005-11-08,11.348,11.409,11.14,11.393,903829,0
2005-11-09,11.393,11.488,11.246,11.47,821524,0
2005-11-10,11.409,11.495,11.314,11.409,473037,0
2005-11-11,11.437,11.488,11.33,11.348,370189,0
2005-11-14,11.393,11.454,11.192,11.246,633027,0
2005-11-15,11.322,11.348,10.959,10.969,540219,0
2005-11-16,10.994,11.108,10.76,10.768,653573,0
2005-11-17,10.768,10.933,10.734,10.888,1099829,0
2005-11-18,10.888,11.236,10.551,11.098,1859833,0
2005-11-21,11.098,11.135,10.814,10.969,1757560,0
2005-11-22,10.933,10.95,10.814,10.888,1264205,0
2005-11-23,10.854,10.969,10.76,10.969,1917895,0
2005-11-25,10.969,11.14,10.888,11.125,485620,0
2005-11-28,11.166,11.427,11.166,11.314,1454206,0
2005-11-29,11.34,11.6,11.34,11.479,911216,0
2005-11-30,11.53,11.677,11.202,11.427,612365,0
2005-12-01,11.393,11.53,11.322,11.437,624483,0
2005-12-02,11.393,11.521,11.33,11.4,459071,0
2005-12-05,11.393,11.539,11.14,11.495,768426,0
2005-12-06,11.479,11.53,11.263,11.462,587548,0
2005-12-07,11.479,11.963,11.384,11.566,1383678,0
2005-12-08,11.645,11.954,11.626,11.904,790129,0
2005-12-09,11.921,11.93,11.695,11.921,512979,0
2005-12-12,11.937,12.093,11.904,12.093,999175,0
2005-12-13,12.155,12.225,12.042,12.139,797862,0
2005-12-14,12.196,12.26,12.085,12.242,886052,0
2005-12-15,12.242,12.268,11.904,12.076,1087826,0
2005-12-16,12.076,12.076,11.833,11.912,584775,0
2005-12-19,11.904,12.068,11.877,11.963,872315,0
2005-12-20,11.93,11.973,11.885,11.954,408624,0
2005-12-21,11.963,12.225,11.894,12.155,609940,0
2005-12-22,12.225,12.536,12.196,12.527,848768,0
2005-12-23,12.484,12.613,12.282,12.518,343870,0
2005-12-27,12.553,12.649,12.458,12.474,510437,0
2005-12-28,12.474,12.474,12.058,12.347,994559,0
2005-12-29,12.354,12.414,12.042,12.354,1248162,0
2005-12-30,12.319,12.466,12.215,12.347,739108,0
2006-01-03,12.354,12.656,12.354,12.656,696743,0
2006-01-04,12.666,12.872,12.666,12.829,853733,0
2006-01-05,12.829,13.16,12.752,13.072,1365206,0
2006-01-06,13.124,13.281,13.055,13.237,3249972,0
2006-01-09,13.229,13.317,13.169,13.289,503397,0
2006-01-10,13.244,13.507,13.212,13.418,669502,0
2006-01-11,13.444,13.584,13.237,13.244,654263,0
2006-01-12,13.244,13.261,12.856,13.124,600706,0
2006-01-13,13.099,13.099,12.676,12.762,850037,0
2006-01-17,11.817,12.698,11.766,12.631,1596187,0
2006-01-18,12.406,12.448,12.233,12.282,1552897,0
2006-01-19,12.275,12.319,12.016,12.058,1091405,0
2006-01-20,12.129,12.309,12.093,12.242,1194254,0
2006-01-23,12.206,12.225,12.068,12.12,547721,0
2006-01-24,12.102,12.371,12,12.354,1243542,0
2006-01-25,12.38,12.588,12.371,12.561,2147027,0
2006-01-26,12.631,13.09,12.631,12.951,969969,0
2006-01-27,12.959,13.081,12.872,12.977,721910,0
2006-01-30,12.986,13.237,12.789,13.204,847843,0
2006-01-31,13.169,13.331,12.959,13.047,631296,0
2006-02-01,13.081,13.507,13.072,13.359,788396,0
2006-02-02,13.418,13.434,12.959,13.038,673543,0
2006-02-03,13.038,13.853,12.951,13.775,1536741,0
2006-02-06,13.688,13.922,13.549,13.922,1031033,0
2006-02-07,13.898,14.468,13.869,14.303,2826684,0
2006-02-08,14.432,14.432,13.999,14.364,1545165,0
2006-02-09,14.277,14.312,14.062,14.191,2217206,0
2006-02-10,14.303,14.389,14.198,14.346,2272154,0
2006-02-13,14.277,14.277,13.844,14.044,1450511,0
2006-02-14,13.991,14.138,13.818,14.094,2051563,0
2006-02-15,14.129,14.303,14.062,14.182,2593051,0
2006-02-16,14.138,14.138,13.35,13.688,1283715,0
2006-02-17,13.731,13.878,13.661,13.739,555688,0
2006-02-21,13.671,13.671,13.434,13.471,380693,0
2006-02-22,13.418,13.698,13.418,13.549,350450,0
2006-02-23,13.462,13.688,13.418,13.566,1026647,0
2006-02-24,13.566,13.566,13.237,13.377,629101,0
2006-02-27,13.549,13.618,13.411,13.532,730912,0
2006-02-28,13.549,13.644,13.331,13.418,576694,0
2006-03-01,13.426,13.625,13.261,13.541,593090,0
2006-03-02,13.522,13.644,13.377,13.507,541028,0
2006-03-03,13.507,13.661,13.368,13.593,766348,0
2006-03-06,13.584,13.618,13.35,13.434,1180862,0
2006-03-07,13.394,13.404,12.951,13.064,1138614,0
2006-03-08,12.536,12.716,12.12,12.708,2871244,0
2006-03-09,12.744,12.951,12.605,12.716,1658170,0
2006-03-10,12.676,12.899,12.588,12.752,631409,0
2006-03-13,12.744,13.055,12.744,12.996,802249,0
2006-03-14,13.02,13.106,12.899,13.064,766001,0
2006-03-15,13.03,13.072,12.691,12.813,1343625,0
2006-03-16,12.856,12.968,12.734,12.872,5511278,0
2006-03-17,12.908,12.943,12.724,12.864,1017184,0
2006-03-20,12.872,13.012,12.797,12.89,665925,0
2006-03-21,12.829,12.846,12.656,12.752,580968,0
2006-03-22,12.744,12.813,12.656,12.698,885130,0
2006-03-23,12.676,12.683,12.354,12.371,1510191,0
2006-03-24,12.319,12.362,11.98,12.068,1600574,0
2006-03-27,12.085,12.291,12.026,12.12,1245967,0
2006-03-28,12.12,12.146,11.817,11.93,869084,0
2006-03-29,11.904,11.93,11.626,11.808,1456630,0
2006-03-30,11.817,12.178,11.817,12.068,2870207,0
2006-03-31,12.085,12.187,12.016,12.111,1264665,0
2006-04-03,12.178,12.291,12.058,12.068,760233,0
2006-04-04,12.076,12.093,11.904,12.035,781700,0
2006-04-05,12.068,12.553,11.954,12.406,2262344,0
2006-04-06,12.406,12.466,12.171,12.206,1322496,0
2006-04-07,12.215,12.362,11.817,12.035,1189060,0
2006-04-10,11.98,12.068,11.825,11.93,805483,0
2006-04-11,11.817,12.309,11.236,12.252,4661353,0
2006-04-12,12.206,12.242,11.894,12.049,2839502,0
2006-04-13,12.042,12.042,11.833,11.954,1394412,0
2006-04-17,11.954,12.006,11.861,11.99,2076034,0
2006-04-18,11.98,12.215,11.93,12.206,1475904,0
2006-04-19,12.233,12.579,12.155,12.57,2265923,0
2006-04-20,12.57,12.936,12.57,12.716,2104892,0
2006-04-21,12.716,12.752,12.622,12.724,979088,0
2006-04-24,12.724,12.724,12.319,12.388,1829707,0
2006-04-25,12.414,12.423,12.139,12.242,2962894,0
2006-04-26,12.242,12.38,12.042,12.076,1010946,0
2006-04-27,12.026,12.708,11.904,12.579,2085615,0
2006-04-28,12.579,12.927,12.579,12.656,1583141,0
2006-05-01,12.622,12.656,12.484,12.527,1573100,0
2006-05-02,12.656,13.661,12.656,13.61,2448187,0
2006-05-03,14.138,14.346,13.739,14.175,2616139,0
2006-05-04,14.346,14.477,14.217,14.346,2813643,0
2006-05-05,14.338,14.423,14.232,14.338,1409301,0
2006-05-08,14.338,14.44,14.258,14.338,683123,0
2006-05-09,14.293,14.406,14.147,14.374,958543,0
2006-05-10,14.346,14.581,14.312,14.44,1535700,0
2006-05-11,14.519,14.519,14.044,14.069,746960,0
2006-05-12,14.069,14.069,13.775,13.898,928184,0
2006-05-15,13.898,13.982,13.731,13.836,667194,0
2006-05-16,13.836,13.922,13.756,13.888,399162,0
2006-05-17,13.898,13.904,13.5,13.507,909485,0
2006-05-18,13.507,13.929,13.507,13.844,793705,0
2006-05-19,13.878,14.217,13.661,13.956,730452,0
2006-05-22,13.965,14.493,13.377,13.739,1409532,0
2006-05-23,13.826,14.175,13.671,13.671,1398569,0
2006-05-24,13.652,13.748,12.882,13.35,892517,0
2006-05-25,13.426,13.507,13.299,13.377,527984,0
2006-05-26,13.434,13.444,13.047,13.35,726989,0
2006-05-30,13.507,13.549,12.829,12.951,800287,0
2006-05-31,12.968,13.237,12.936,13.134,704249,0
2006-06-01,13.177,13.625,13.16,13.507,1986000,0
2006-06-02,13.507,13.625,13.453,13.584,1098675,0
2006-06-05,13.584,13.844,13.549,13.593,1297913,0
2006-06-06,13.507,13.507,12.936,13.124,513555,0
2006-06-07,13.106,13.186,12.789,12.829,755386,0
2006-06-08,12.762,12.846,12.291,12.596,810329,0
2006-06-09,12.588,12.588,11.963,12.328,1770721,0
2006-06-12,12.309,12.328,11.904,11.921,634410,0
2006-06-13,11.861,12.155,11.704,11.782,1031267,0
2006-06-14,11.808,12.215,11.79,12.155,879011,0
2006-06-15,12.242,12.744,12.242,12.579,1367978,0
2006-06-16,12.596,12.908,12.596,12.856,966738,0
2006-06-19,12.856,12.882,12.536,12.622,847961,0
2006-06-20,12.622,12.724,12.545,12.656,499358,0
2006-06-21,12.724,12.821,12.656,12.698,489891,0
2006-06-22,12.724,13.02,12.588,12.996,418905,0
2006-06-23,12.951,13.047,12.813,13.047,270339,0
2006-06-26,13.047,13.047,12.631,12.698,480541,0
2006-06-27,12.656,12.708,12.448,12.622,657847,0
2006-06-28,12.622,12.813,12.536,12.771,271610,0
2006-06-29,12.779,13.03,12.676,13.012,440598,0
2006-06-30,12.829,13.219,12.829,13.212,328752,0
2006-07-03,13.212,13.281,12.996,12.996,395008,0
2006-07-05,12.872,13.134,12.579,13.09,788742,0
2006-07-06,13.064,13.064,12.527,12.622,738303,0
2006-07-07,12.545,12.698,12.006,12.102,1787110,0
2006-07-10,12.102,12.362,11.98,12.319,1014643,0
2006-07-11,12.319,12.779,12.225,12.752,1164009,0
2006-07-12,12.698,12.927,12.698,12.882,1057700,0
2006-07-13,12.872,12.872,12.414,12.545,1135036,0
2006-07-14,12.536,12.588,12.171,12.38,676775,0
2006-07-17,12.319,12.414,12.178,12.196,358067,0
2006-07-18,12.187,12.268,11.921,12.196,548645,0
2006-07-19,12.171,12.649,12.042,12.596,607515,0
2006-07-20,12.64,12.64,12.129,12.178,727449,0
2006-07-21,12.129,12.139,11.841,11.93,677122,0
2006-07-24,12.006,12.431,11.99,12.398,823603,0
2006-07-25,12.398,12.518,12.215,12.388,591933,0
2006-07-26,12.319,12.829,12.309,12.734,748917,0
2006-07-27,12.698,12.89,12.509,12.698,1291447,0
2006-07-28,12.744,13.004,12.734,13.004,1272054,0
2006-07-31,13.064,13.237,12.804,13.237,995019,0
2006-08-01,12.872,13.064,12.829,12.908,2375464,0
2006-08-02,12.917,13.012,12.821,12.829,1376750,0
2006-08-03,12.829,12.846,12.622,12.716,1146810,0
2006-08-04,12.846,13.099,12.846,13.038,582006,0
2006-08-07,13.064,13.064,12.856,13.03,514710,0
2006-08-08,13.047,13.099,12.908,12.943,392930,0
2006-08-09,12.996,13.151,12.829,12.846,739339,0
2006-08-10,12.856,13.047,12.856,13.047,684279,0
2006-08-11,13.047,13.047,12.908,12.959,432638,0
2006-08-14,13.02,13.124,12.89,12.917,389002,0
2006-08-15,12.996,13.331,12.977,13.281,769235,0
2006-08-16,13.289,13.756,13.289,13.756,823833,0
2006-08-17,13.756,13.775,13.601,13.625,635450,0
2006-08-18,13.625,13.888,13.566,13.844,544024,0
2006-08-21,13.844,13.844,13.644,13.739,546684,0
2006-08-22,13.756,13.956,13.731,13.913,623909,0
2006-08-23,13.888,14.062,13.775,13.782,414399,0
2006-08-24,13.791,13.878,13.688,13.826,362457,0
2006-08-25,13.756,13.836,13.634,13.8,358530,0
2006-08-28,13.708,13.739,13.5,13.601,694896,0
2006-08-29,13.775,13.775,13.317,13.532,696864,0
2006-08-30,13.532,13.739,13.426,13.644,565382,0
2006-08-31,13.671,13.836,13.541,13.708,914102,0
2006-09-01,13.698,13.929,13.618,13.818,562499,0
2006-09-05,13.844,14.129,13.766,13.965,803172,0
2006-09-06,13.922,13.922,13.5,13.708,807790,0
2006-09-07,13.625,13.625,13.507,13.566,460570,0
2006-09-08,13.566,13.652,13.453,13.532,335791,0
2006-09-11,13.418,13.418,13.204,13.368,495204,0
2006-09-12,13.331,13.444,13.177,13.261,980707,0
2006-09-13,13.309,13.507,13.261,13.331,638220,0
2006-09-14,13.169,13.625,13.16,13.593,685894,0
2006-09-15,13.593,13.61,13.271,13.317,481349,0
2006-09-18,13.317,13.471,13.219,13.404,619634,0
2006-09-19,13.48,14.121,13.48,13.982,1848520,0
2006-09-20,13.922,14.293,13.8,14.062,1478215,0
2006-09-21,14.053,14.175,13.913,14.036,665232,0
2006-09-22,13.844,14.017,13.644,14.017,1397873,0
2006-09-25,14.017,14.017,13.532,13.593,1480062,0
2006-09-26,13.671,14.249,13.652,14.191,1105716,0
2006-09-27,14.198,14.459,14.094,14.32,1538469,0
2006-09-28,14.303,14.374,14.225,14.32,960968,0
2006-09-29,14.287,14.423,14.249,14.258,534216,0
2006-10-02,14.217,14.287,13.972,14.182,660040,0
2006-10-03,14.053,14.069,13.671,13.898,1362323,0
2006-10-04,13.766,14.374,13.671,14.287,1101216,0
2006-10-05,14.346,14.423,13.898,14.338,1189408,0
2006-10-06,14.258,14.303,14.009,14.111,544373,0
2006-10-09,14.009,14.303,13.948,14.225,949195,0
2006-10-10,14.225,14.277,14.077,14.249,1261549,0
2006-10-11,14.217,14.249,13.982,14.094,725140,0
2006-10-12,14.258,14.927,14.157,14.719,4780361,0
2006-10-13,14.597,14.962,14.537,14.777,1779263,0
2006-10-16,14.814,14.945,14.777,14.927,1227269,0
2006-10-17,14.927,14.927,14.528,14.658,769928,0
2006-10-18,14.639,14.648,14.432,14.554,1397993,0
2006-10-19,14.546,14.667,14.389,14.459,987170,0
2006-10-20,14.432,14.502,14.157,14.389,1464941,0
2006-10-23,14.329,14.597,14.287,14.546,1799000,0
2006-10-24,14.477,14.675,14.364,14.581,459418,0
2006-10-25,14.769,15.212,14.769,15.153,3621893,0
2006-10-26,14.729,14.977,14.658,14.874,1892499,0
2006-10-27,14.857,15.021,14.597,14.874,907752,0
2006-10-30,14.874,15.5,14.711,15.481,2160530,0
2006-10-31,15.481,16.209,15.481,15.802,5043898,0
2006-11-01,16.052,16.243,15.828,15.888,3219037,0
2006-11-02,15.845,16.226,15.819,16.183,3285065,0
2006-11-03,16.233,16.253,15.888,16,2076845,0
2006-11-06,16.087,16.71,16.087,16.668,3338394,0
2006-11-07,16.668,17.014,16.591,16.841,2302741,0
2006-11-08,16.798,17.312,16.72,17.153,4155648,0
2006-11-09,17.284,17.533,17.171,17.312,4135448,0
2006-11-10,17.312,17.414,16.937,17.303,3171939,0
2006-11-13,17.414,17.821,17.258,17.7,2596516,0
2006-11-14,17.872,17.975,17.742,17.965,2121051,0
2006-11-15,17.965,18.081,17.725,17.812,1971801,0
2006-11-16,17.898,17.975,17.776,17.812,872085,0
2006-11-17,17.812,17.847,17.524,17.672,1084020,0
2006-11-20,17.742,18.194,17.725,18.105,1592376,0
2006-11-21,17.595,18.061,17.492,18.003,1960257,0
2006-11-22,17.941,18.235,17.941,18.105,1205106,0
2006-11-24,17.915,18.14,17.915,18.081,342485,0
2006-11-27,18.081,18.089,17.499,17.551,1151890,0
2006-11-28,17.551,17.613,17.248,17.414,1458592,0
2006-11-29,17.533,17.707,17.484,17.56,1016373,0
2006-11-30,17.56,18.003,17.439,17.975,1836632,0
2006-12-01,18.081,18.081,17.776,17.925,1635085,0
2006-12-04,17.934,18.28,17.934,18.251,1116106,0
2006-12-05,18.297,18.963,18.297,18.816,3367137,0
2006-12-06,18.78,18.938,18.764,18.853,1424887,0
2006-12-07,18.816,18.991,18.504,18.531,1798308,0
2006-12-08,18.608,18.946,18.531,18.799,998711,0
2006-12-11,19.415,19.866,19.061,19.103,2728337,0
2006-12-12,19.117,19.372,18.946,19.153,1326654,0
2006-12-13,19.198,19.31,18.982,19.013,1139189,0
2006-12-14,19.079,19.326,19.069,19.136,1247699,0
2006-12-15,19.31,19.354,18.297,18.565,4294742,0
2006-12-18,18.522,18.522,18.012,18.061,1788035,0
2006-12-19,17.889,18.289,17.776,18.081,2290047,0
2006-12-20,18.081,18.774,18.081,18.469,2267652,0
2006-12-21,18.469,18.487,18.114,18.219,796361,0
2006-12-22,18.219,18.315,18.012,18.297,794747,0
2006-12-26,18.315,18.34,18.167,18.27,1198179,0
2006-12-27,18.27,18.401,18.167,18.324,1245273,0
2006-12-28,18.251,18.608,18.227,18.504,1178441,0
2006-12-29,18.445,18.445,17.934,18.03,864697,0
2007-01-03,18.235,18.522,18.071,18.27,2182346,0
2007-01-04,18.261,18.261,17.484,17.648,1543203,0
2007-01-05,17.507,17.63,17.153,17.195,1062082,0
2007-01-08,17.143,17.205,16.625,17.083,1751903,0
2007-01-09,17.093,17.111,16.832,16.91,1590300,0
2007-01-10,16.902,16.937,16.46,16.675,2692902,0
2007-01-11,16.675,17.551,16.45,17.533,3333314,0
2007-01-12,17.551,18.816,17.499,18.652,3541788,0
2007-01-16,18.652,19.052,18.582,18.661,3421389,0
2007-01-17,18.55,18.608,18.132,18.176,1551052,0
2007-01-18,18.185,18.853,18.132,18.513,1982653,0
2007-01-19,18.513,18.738,18.306,18.315,1875183,0
2007-01-22,17.725,18.038,17.551,17.864,3248933,0
2007-01-23,17.975,18.383,17.941,18.227,3597538,0
2007-01-24,18.105,18.461,17.475,18.012,3311729,0
2007-01-25,17.95,17.984,16.963,17.258,4788329,0
2007-01-26,17.238,17.351,16.625,16.832,3518929,0
2007-01-29,18.051,18.55,17.005,17.56,5285720,0
2007-01-30,17.551,17.578,16.859,17.214,5215539,0
2007-01-31,17.214,17.214,16.746,16.815,2449571,0
2007-02-01,16.885,17.484,16.841,17.475,6540693,0
2007-02-02,17.492,17.69,17.429,17.595,3663564,0
2007-02-05,17.672,17.672,16.955,16.996,2296279,0
2007-02-06,16.996,17.499,16.798,17.484,2361383,0
2007-02-07,17.533,17.725,17.267,17.466,2027209,0
2007-02-08,17.276,17.595,17.195,17.351,2248377,0
2007-02-09,17.343,18.012,17.343,17.915,3785115,0
2007-02-12,18.089,18.938,18.089,18.869,6743465,0
2007-02-13,19.042,20.245,18.991,19.953,5017704,0
2007-02-14,20.231,20.427,19.994,20.039,3361144,0
2007-02-15,19.784,20.575,19.784,20.471,2886017,0
2007-02-16,20.505,22.006,20.08,21.295,3557137,0
2007-02-20,21.718,22.091,21.416,21.917,3492842,0
2007-02-21,21.815,22.715,21.727,22.706,2660696,0
2007-02-22,22.681,22.983,21.538,22.144,3741020,0
2007-02-23,22.265,22.619,22.091,22.343,2682629,0
2007-02-26,22.689,22.838,22.108,22.282,1899178,0
2007-02-27,21.658,21.658,20.48,21.182,3562329,0
2007-02-28,21.225,21.51,20.548,21.467,3359519,0
2007-03-01,21.312,21.475,20.498,21.249,1680678,0
2007-03-02,21.249,21.353,20.739,20.81,2099120,0
2007-03-05,20.548,20.905,20.272,20.489,2686898,0
2007-03-06,20.974,21.708,20.637,21.503,2383315,0
2007-03-07,21.605,22.127,21.538,21.899,2112167,0
2007-03-08,22.367,22.741,22.046,22.516,2177613,0
2007-03-09,22.869,23.077,22.384,22.524,2121398,0
2007-03-12,22.524,23.053,22.49,22.932,1981382,0
2007-03-13,22.662,24.343,22.429,22.524,5430819,0
2007-03-14,22.602,23.061,21.866,22.757,4378199,0
2007-03-15,22.794,23.174,22.367,22.56,2144254,0
2007-03-16,22.566,22.802,22.178,22.384,1944307,0
2007-03-19,22.741,22.958,22.533,22.794,2231637,0
2007-03-20,22.75,22.869,22.602,22.715,2362192,0
2007-03-21,22.715,23.747,22.715,23.632,2313706,0
2007-03-22,23.632,23.718,23.028,23.2,1418804,0
2007-03-23,22.958,23.479,22.776,23.339,1208450,0
2007-03-26,23.294,23.399,22.533,23.21,2266268,0
2007-03-27,23.21,23.294,22.448,22.689,1482601,0
2007-03-28,22.576,22.662,21.971,22.343,1871837,0
2007-03-29,22.343,22.838,22.014,22.255,2178615,0
2007-03-30,22.367,22.784,21.899,22.498,2862008,0
2007-04-02,22.498,22.715,22.317,22.662,2277692,0
2007-04-03,22.766,23.374,22.706,23.113,1683109,0
2007-04-04,23.236,23.781,22.878,23.59,2170460,0
2007-04-05,23.83,24.811,23.66,24.325,3054549,0
2007-04-09,24.483,24.854,24.361,24.562,2012983,0
2007-04-10,23.148,24.048,23,23.218,7717822,0
2007-04-11,23.962,24.128,23.47,24.013,5138779,0
2007-04-12,24.223,25.235,24.187,25.141,4050893,0
2007-04-13,25.313,25.922,25.235,25.531,5177757,0
2007-04-16,26.414,26.414,25.738,26.267,4287275,0
2007-04-17,26.352,26.553,25.931,26.076,2708860,0
2007-04-18,25.867,26.111,25.513,25.938,1990657,0
2007-04-19,24.95,25.192,24.62,25.012,4849967,0
2007-04-20,25.021,25.313,24.448,24.671,3696895,0
2007-04-23,24.708,25.235,24.671,25.124,2585977,0
2007-04-24,25.227,25.419,25.052,25.331,2284004,0
2007-04-25,25.331,25.876,25.174,25.791,2307937,0
2007-04-26,26.068,27.03,25.738,26.813,4164123,0
2007-04-27,26.562,26.586,25.867,25.953,2961512,0
2007-04-30,25.841,25.841,24.881,24.898,3162194,0
2007-05-01,24.864,24.898,24.351,24.628,2845562,0
2007-05-02,24.628,25.348,24.628,24.966,3065814,0
2007-05-03,25.15,26.033,25.021,26.005,2397575,0
2007-05-04,25.913,25.913,24.351,24.698,3096760,0
2007-05-07,24.889,25.469,24.698,25.366,1601611,0
2007-05-08,25.174,25.28,24.637,25.098,1527968,0
2007-05-09,25.218,25.444,25.062,25.107,1469557,0
2007-05-10,25.356,25.738,24.543,24.62,1610730,0
2007-05-11,24.637,25.107,24.637,24.872,1242390,0
2007-05-14,25.044,26.145,24.698,25.41,3340935,0
2007-05-15,25.244,26.154,24.984,25.643,2221939,0
2007-05-16,25.971,26.085,25.166,25.849,1465981,0
2007-05-17,25.849,26.456,25.772,26.259,2701980,0
2007-05-18,26.493,26.83,26.043,26.676,1878587,0
2007-05-21,26.676,27.003,26.465,26.96,1465785,0
2007-05-22,27.177,27.846,27.003,27.236,2550112,0
2007-05-23,27.392,28.192,27.392,27.78,2172074,0
2007-05-24,27.807,28.094,26.708,26.715,2035981,0
2007-05-25,26.847,27.826,26.796,27.826,1608538,0
2007-05-29,27.417,27.766,27.211,27.436,2148295,0
2007-05-30,27.35,29.307,27.202,29.137,5583388,0
2007-05-31,29.541,30.781,29.145,29.646,8160565,0
2007-06-01,29.722,30.191,29.68,30.027,2469400,0
2007-06-04,30.781,30.978,30.027,30.891,2142523,0
2007-06-05,30.807,31.221,30.674,30.987,2366229,0
2007-06-06,30.987,31.004,30.158,30.25,3209573,0
2007-06-07,30.25,30.709,28.891,29.221,3089754,0
2007-06-08,29.221,30.113,28.969,29.828,2692862,0
2007-06-11,29.793,30.634,29.793,30.045,1509380,0
2007-06-12,30.286,30.728,29.549,30.019,2362395,0
2007-06-13,30.019,33.545,30.019,31.923,4600752,0
2007-06-14,31.932,32.642,31.895,32.036,3976845,0
2007-06-15,32.626,33.243,32.367,32.798,3663678,0
2007-06-18,33.603,34.6,33.265,33.561,3562967,0
2007-06-19,33.536,33.916,33.12,33.743,3718565,0
2007-06-20,33.763,33.793,32.521,32.521,3064128,0
2007-06-21,32.815,33.12,31.82,32.946,4170308,0
2007-06-22,32.782,34.098,32.704,33.536,3467443,0
2007-06-25,33.838,34.175,33.068,33.249,2309147,0
2007-06-26,33.463,33.968,32.737,32.757,3012204,0
2007-06-27,30.807,32.114,30.218,32.079,5007851,0
2007-06-28,32.07,32.946,32.07,32.851,2294676,0
2007-06-29,33.217,33.553,32.444,32.928,2668660,0
2007-07-02,32.928,33.613,32.65,33.568,3923518,0
2007-07-03,33.763,33.934,32.997,33.015,1324232,0
2007-07-05,32.92,33.234,32.478,32.955,1790457,0
2007-07-06,32.805,33.217,32.279,32.997,1595957,0
2007-07-09,33.217,33.463,32.887,33.171,1488838,0
2007-07-10,33.042,33.31,32.235,32.306,1770721,0
2007-07-11,32.375,32.737,31.838,32.399,1755368,0
2007-07-12,32.704,33.682,32.599,33.536,1860063,0
2007-07-13,33.674,34.513,33.352,34.427,3069900,0
2007-07-16,34.48,35.328,33.916,33.96,3350742,0
2007-07-17,33.88,34.531,33.665,33.811,1756986,0
2007-07-18,33.811,33.829,33.11,33.29,2097391,0
2007-07-19,33.29,33.968,33.29,33.613,1310493,0
2007-07-20,33.735,33.735,32.089,32.737,1492871,0
2007-07-23,32.98,33.944,32.747,33.763,1907620,0
2007-07-24,33.753,33.9,32.07,32.487,3092977,0
2007-07-25,32.66,32.904,29.68,31.369,4128047,0
2007-07-26,30.381,30.93,28.849,30.076,5264677,0
2007-07-27,30.218,30.756,28.824,29.211,3292127,0
2007-07-30,29.541,30.674,29.332,30.347,5079307,0
2007-07-31,31.838,35.076,31.266,31.699,6700733,0
2007-08-01,32.07,32.209,30.816,32.079,4538177,0
2007-08-02,32.427,33.82,32.367,33.786,3806806,0
2007-08-03,33.492,34.29,32.911,33.319,3185521,0
2007-08-06,33.399,33.502,31.872,32.704,3228855,0
2007-08-07,32.496,34.6,32.199,34.263,3296149,0
2007-08-08,34.938,36.028,31.456,34.089,4961335,0
2007-08-09,33.586,34.089,30.218,31.656,3241085,0
2007-08-10,31.221,33.778,28.693,33.281,3549442,0
2007-08-13,33.88,34.455,32.938,33.793,2232560,0
2007-08-14,34.331,35.388,33.595,33.866,2824491,0
2007-08-15,33.763,34.071,31.895,32.194,2567597,0
2007-08-16,31.438,31.672,27.426,29.722,7125062,0
2007-08-17,31.317,32.66,29.257,30.356,3663564,0
2007-08-20,30.347,32.782,30.286,32.686,3000410,0
2007-08-21,32.53,33.658,32.098,32.911,1784340,0
2007-08-22,33.422,34.375,33.338,34.019,3170091,0
2007-08-23,33.682,34.531,33.188,33.431,2040830,0
2007-08-24,33.128,34.767,32.549,34.626,2545150,0
2007-08-27,34.584,35.06,33.7,34.281,1746592,0
2007-08-28,34.063,34.183,32.521,32.737,1784223,0
2007-08-29,32.747,33.968,32.747,33.763,1867451,0
2007-08-30,33.217,34.151,32.427,33.692,1432044,0
2007-08-31,34.357,35.743,34.263,35.467,2325714,0
2007-09-04,36.119,37.331,35.467,36.229,2632531,0
2007-09-05,36.028,36.645,35.233,36.514,2148526,0
2007-09-06,36.594,37.764,36.576,37.397,2394281,0
2007-09-07,36.127,37.01,35.612,36.222,1816200,0
2007-09-10,36.566,37.173,35.379,36.149,1900928,0
2007-09-11,36.663,37.555,35.7,37.183,2182233,0
2007-09-12,37.217,38.388,36.793,38.325,2920762,0
2007-09-13,39.061,39.565,38.232,38.404,2329405,0
2007-09-14,37.651,38.785,37.452,37.78,1903580,0
2007-09-17,38.316,38.672,37.606,37.883,2269172,0
2007-09-18,38.56,39.298,37.764,39.122,2776243,0
2007-09-19,39.876,40.638,39.298,39.617,2311167,0
2007-09-20,39.876,40.474,39.617,40.025,2129367,0
2007-09-21,41.774,43.019,40.985,42.407,4352340,0
2007-09-24,42.754,43.202,41.27,41.739,3008011,0
2007-09-25,43.429,43.429,41.36,42.258,2036208,0
2007-09-26,42.709,43.758,42.373,43.594,1969142,0
2007-09-27,44,45.36,43.662,44.927,2305974,0
2007-09-28,45.177,46.271,44.442,45.17,2727359,0
2007-10-01,45.423,46.408,44.98,45.655,2809602,0
2007-10-02,45.828,45.828,43.083,44.268,3011030,0
2007-10-03,44.268,44.268,41.117,41.289,4419756,0
2007-10-04,41.91,43.083,41.375,42.945,3240734,0
2007-10-05,44.096,44.614,43.471,44.225,3620256,0
2007-10-08,44.755,44.755,43.255,43.357,3015184,0
2007-10-09,44.831,47.225,44.831,46.926,8860290,0
2007-10-10,46.295,49.621,46.295,49.207,6491634,0
2007-10-11,50.376,52.654,49.215,49.988,7781814,0
2007-10-12,50.352,52.69,50.308,52.059,4037161,0
2007-10-15,52.698,53.26,50.394,51.06,4168808,0
2007-10-16,50.704,53.72,50.028,53.054,4488036,0
2007-10-17,53.728,54.361,50.966,52.275,4263805,0
2007-10-18,52.186,53.59,51.893,53.443,2940616,0
2007-10-19,53.183,54.39,52.298,52.749,4314242,0
2007-10-22,51.563,52.595,49.025,50.713,4909070,0
2007-10-23,51.814,52.457,50.879,52.438,2953778,0
2007-10-24,51.504,53.488,50.272,53.218,4603291,0
2007-10-25,53.208,55.999,50.21,55.28,10006065,0
2007-10-26,55.496,58.927,55.496,58.087,5985009,0
2007-10-29,59.705,60.587,57.195,58.788,5271180,0
2007-10-30,59.187,59.498,56.641,57.386,4234028,0
2007-10-31,57.386,59.029,56.501,58.91,4166269,0
2007-11-01,56.952,59.205,56.924,58.191,2656311,0
2007-11-02,58.91,59.663,56.971,58.633,3210266,0
2007-11-05,56.971,58.172,56.415,57.029,2068188,0
2007-11-06,57.386,59.159,55.79,59.073,3032872,0
2007-11-07,59.143,61.436,58.043,59.827,4370426,0
2007-11-08,59.663,61.188,55.989,59.992,5531413,0
2007-11-09,58.657,61.37,58.648,59.959,4064112,0
2007-11-12,59.921,59.921,51.148,51.762,10375114,0
2007-11-13,52.307,57.376,50.394,56.059,6992138,0
2007-11-14,58.302,58.302,55.564,55.93,3268419,0
2007-11-15,56.284,56.284,50.697,52.307,4890173,0
2007-11-16,52.284,53.712,50.844,53.712,4159557,0
2007-11-19,53.677,53.677,48.317,50.081,4607870,0
2007-11-20,51.346,52.368,49.796,51.563,4550999,0
2007-11-21,50.636,50.785,49.285,49.735,2646398,0
2007-11-23,50.74,52.43,50.028,51.476,1118547,0
2007-11-26,52.351,54.629,51.677,52.307,3857879,0
2007-11-27,52.533,54.692,51.805,53.426,3122814,0
2007-11-28,54.856,57.991,54.647,57.835,4553437,0
2007-11-29,58.312,58.91,57.074,57.767,2361214,0
2007-11-30,59.799,59.799,56.207,58.356,5792836,0
2007-12-03,59.195,63.05,58.709,60.938,6019855,0
2007-12-04,61.153,62.089,59.587,59.976,4533522,0
2007-12-05,61.249,64.273,60.763,63.683,5075107,0
2007-12-06,63.805,65.407,63.613,65.364,4068990,0
2007-12-07,65.832,67.512,64.411,67.2,4012227,0
2007-12-10,67.979,71.334,67.86,71.23,5306694,0
2007-12-11,70.961,72.821,67.798,69.2,6169230,0
2007-12-12,71.479,72.572,68.084,69.711,4636427,0
2007-12-13,69.538,71.759,68.985,71.723,2675627,0
2007-12-14,70.5,73.385,69.261,69.885,4454513,0
2007-12-17,69.625,72.025,69.234,71.306,5044393,0
2007-12-18,72.163,72.407,65.66,70.171,5157036,0
2007-12-19,71.082,71.687,68.483,69.461,2384959,0
2007-12-20,69.652,76.556,69.331,76.556,4978079,0
2007-12-21,77.779,77.779,74.815,75.074,3964885,0
2007-12-24,75.846,79.034,75.117,78.066,1938904,0
2007-12-26,78.074,79.286,77.284,79.111,2429588,0
2007-12-27,79.424,82.058,78.749,80.48,3760923,0
2007-12-28,81.579,82.369,79.961,80.889,4129561,0
2007-12-31,80.394,81.487,78.749,79.614,2275917,0
2008-01-02,80.792,81.173,77.889,79.952,4249747,0
2008-01-03,81.53,84.265,80.792,82.465,5344505,0
2008-01-04,81.018,81.867,79.501,80.525,4411047,0
2008-01-07,81.226,82.751,77.032,79.33,6902945,0
2008-01-08,79.858,80.178,73.307,74.581,7279518,0
2008-01-09,77.769,78.94,67.512,75.117,14588418,0
2008-01-10,74.243,79.622,72.346,78.94,8089213,0
2008-01-11,77.992,84.362,77.992,83.729,8113577,0
2008-01-14,86.457,92.993,85.923,92.432,9418242,0
2008-01-15,90.788,91.476,83.676,85.454,9245240,0
2008-01-16,81.891,85.365,73.489,77.397,14557978,0
2008-01-17,75.051,76.34,65.832,68.362,18370471,0
2008-01-18,69.869,71.118,65.857,67.529,11949213,0
2008-01-22,60.687,69.419,59.921,67.765,12088864,0
2008-01-23,65.285,70.413,59.939,68.362,13496422,0
2008-01-24,73.61,77.803,72.216,77.018,12149484,0
2008-01-25,81.216,82.706,75.698,77.137,10574421,0
2008-01-28,76.019,79.33,75.108,78.238,5929541,0
2008-01-29,79.952,80.576,76.981,78.066,5909200,0
2008-01-30,77.829,79.942,73.94,75.066,6417170,0
2008-01-31,72.589,77.953,71.739,76.738,6150163,0
2008-02-01,77.447,79.727,76.661,78.886,5971506,0
2008-02-04,79.658,83.235,78.914,83.088,5628233,0
2008-02-05,83.088,85.151,77.734,78.229,9214357,0
2008-02-06,78.932,82.386,78.238,78.859,7172772,0
2008-02-07,76.807,81.018,74.356,79.121,7722872,0
2008-02-08,80.368,81.651,78.981,81.208,5211766,0
2008-02-11,82.456,84.189,81.018,83.998,4904136,0
2008-02-12,85.938,89.597,83.626,84.742,9099628,0
2008-02-13,86.907,86.907,82.977,84.431,5784916,0
2008-02-14,85.523,88.816,85.523,87.291,5836678,0
2008-02-15,86.407,87.767,84.492,87.237,4331130,0
2008-02-19,89.446,94.298,89.073,92.441,8936186,0
2008-02-20,91.898,96.871,90.923,96.235,7365882,0
2008-02-21,97.512,97.884,93.339,94.298,7920335,0
2008-02-22,93.755,94.298,89.878,91.963,7037196,0
2008-02-25,92.387,99.1,90.95,98.793,9092020,0
2008-02-26,98.409,101.09,96.463,97.6,8012203,0
2008-02-27,94.997,99.72,93.772,95.507,9418967,0
2008-02-28,94.958,96.454,94.28,95.43,6860478,0
2008-02-29,95.158,97.493,92.377,93.941,7841648,0
2008-03-03,92.846,95.449,91.36,94.465,6784092,0
2008-03-04,93.706,96.753,88.442,91.928,8702181,0
2008-03-05,92.367,94.929,90.769,93.368,8138976,0
2008-03-06,93.687,95.756,92.856,94.063,5366723,0
2008-03-07,92.091,94.1,87.767,87.818,7420168,0
2008-03-10,87.108,87.108,80.004,80.48,9528781,0
2008-03-11,83.998,90.356,82.482,90.356,9112152,0
2008-03-12,90.713,92.586,87.169,89.552,6378918,0
2008-03-13,86.017,92.837,85.663,91.935,6885710,0
2008-03-14,93.893,94.864,87.983,90.504,5714319,0
2008-03-17,86.362,89.421,84.179,86.847,4932776,0
2008-03-18,89.429,92.658,87.369,92.658,5598161,0
2008-03-19,91.369,91.369,81.399,82.073,9817549,0
2008-03-20,80.991,82.073,75.344,77.647,13951335,0
2008-03-24,80.532,83.279,77.855,78.757,8496523,0
2008-03-25,81.762,84.328,81.018,83.054,8016635,0
2008-03-26,82.532,86.926,82.43,86.884,5764680,0
2008-03-27,85.089,89.119,84.839,88.34,6408310,0
2008-03-28,90.521,91.972,88.027,88.954,4953955,0
2008-03-31,88,90.985,82.993,86.587,6539537,0
2008-04-01,87.144,88.095,80.178,85.618,13605350,0
2008-04-02,83.279,87.204,80.679,84.535,10260523,0
2008-04-03,84.631,92.489,84.067,88.208,12749713,0
2008-04-04,95.526,98.448,94.533,97.103,16542367,0
2008-04-07,100.85,103.79,97.697,99.457,10812327,0
2008-04-08,98.576,101.96,98.32,101.21,6246667,0
2008-04-09,102.75,104.02,100.65,101.27,7608916,0
2008-04-10,101.61,104.24,99.189,103.5,7501908,0
2008-04-11,102.14,104.77,101.4,102.63,6658210,0
2008-04-14,104.02,107.84,103.63,106.68,8062541,0
2008-04-15,107.99,109.67,105.24,107.68,6909105,0
2008-04-16,111.74,115.55,111.15,115.48,10305461,0
2008-04-17,115.61,117.31,110.69,112.99,8687626,0
2008-04-18,111.93,115.84,110.81,114.14,7938306,0
2008-04-21,115.6,117.88,113.64,117.59,7063312,0
2008-04-22,119.43,120.95,115.65,118.32,8028842,0
2008-04-23,118.89,118.99,111.55,112.49,8197318,0
2008-04-24,112.55,113.27,102.24,103.28,13918243,0
2008-04-25,104.78,112.17,103.79,110.8,9148155,0
2008-04-28,108.98,109.29,102.29,104.38,10127311,0
2008-04-29,101.48,102.57,98.38,99.63,10415852,0
2008-04-30,100.49,104.61,98.862,103.39,10644769,0
2008-05-01,101.74,104.38,97.541,103.42,8948476,0
2008-05-02,104.57,105.84,101.4,105.17,7211789,0
2008-05-05,106.96,108.28,102.98,105.31,6464153,0
2008-05-06,105.99,109.21,104.62,107.59,7375814,0
2008-05-07,107.81,109.62,104.5,105.19,5766851,0
2008-05-08,106.08,107.26,102.27,107.26,6085541,0
2008-05-09,106.39,108.47,104.1,106.69,4918924,0
2008-05-12,107.18,108.14,104.55,107.17,4170621,0
2008-05-13,107.16,107.56,103.94,105.72,4929348,0
2008-05-14,105.43,109.81,104.76,105.63,6509298,0
2008-05-15,106.87,109.45,105.93,108.79,6116077,0
2008-05-16,109.46,111.52,107.75,109.43,5774041,0
2008-05-19,110.41,110.41,103.15,104.55,6420555,0
2008-05-20,104.55,107.28,103.13,107.1,4627384,0
2008-05-21,107.49,107.94,100.79,101.83,5883776,0
2008-05-22,102.08,106.48,101.86,103.39,6625823,0
2008-05-23,102.15,102.85,98.37,101.16,5716861,0
2008-05-27,100.4,101.1,95.851,97.414,6989418,0
2008-05-28,97.884,104.41,96.502,104.41,6976342,0
2008-05-29,103.75,105.48,101.98,102.77,5662360,0
2008-05-30,104.1,105.78,103.13,105.78,3557118,0
2008-06-02,105.62,109.28,104.66,106.2,5351993,0
2008-06-03,107.48,112.59,107.2,110.31,9786849,0
2008-06-04,110.97,111.6,107.88,108.64,6553926,0
2008-06-05,109.83,113.57,109.03,113.44,8169306,0
2008-06-06,112.64,116.45,112.08,112.55,6176740,0
2008-06-09,116.73,120.87,115.69,119.01,12336845,0
2008-06-10,117.31,122.72,115.31,121.45,10064756,0
2008-06-11,123.52,127.83,123.5,126.28,14038315,0
2008-06-12,126.99,126.99,122.8,124.46,7373483,0
2008-06-13,125.04,129.85,123.22,129.39,7015218,0
2008-06-16,131.62,132.53,128.48,129.5,6154776,0
2008-06-17,130.18,136.09,129.25,135.95,7881614,0
2008-06-18,136.28,137.76,131.7,135.88,6991686,0
2008-06-19,137.29,137.36,127.47,127.65,9939568,0
2008-06-20,127.99,131.32,124.45,128.89,10673733,0
2008-06-23,130.06,130.39,123.31,127.14,8014303,0
2008-06-24,126.45,127.75,119.85,120.67,8350159,0
2008-06-25,119.12,124.78,116.97,122.82,10196943,0
2008-06-26,122.38,124.88,118.8,120.45,6993217,0
2008-06-27,118.92,125.7,117.07,125.04,8026608,0
2008-06-30,124.97,126.52,120.69,122.11,6234782,0
2008-07-01,120.79,120.92,114.8,119.27,7960312,0
2008-07-02,120.59,121.5,110.07,110.07,8113743,0
2008-07-03,108.41,112.17,104.7,111.63,7290650,0
2008-07-07,113.71,114.74,107.05,109.24,7919394,0
2008-07-08,106.34,111.03,100.47,110.64,11550237,0
2008-07-09,112.73,117.81,112.73,115.66,8561309,0
2008-07-10,117.34,119.34,114.34,118.24,5993682,0
2008-07-11,117.36,120.61,115.43,119.68,5924326,0
2008-07-14,121.98,124,120.3,122.94,5063241,0
2008-07-15,121.62,123.12,112.85,115.79,9440908,0
2008-07-16,116.85,117.2,111.13,117.13,7116667,0
2008-07-17,116.73,120.65,107.44,109.52,9124728,0
2008-07-18,106.55,110.5,104.68,107.3,7002095,0
2008-07-21,108.79,117.62,108.65,117.36,7491003,0
2008-07-22,116.03,117.18,110.79,114.25,5096117,0
2008-07-23,113,113,102.29,102.75,9115631,0
2008-07-24,105.51,109.39,96.435,99.78,13644266,0
2008-07-25,101.32,106.15,97.307,103.01,6335144,0
2008-07-28,104.96,105.82,101.08,103.51,5786402,0
2008-07-29,99.92,105.25,99.199,103.26,8371606,0
2008-07-30,105.05,111.92,103.81,111.82,8402231,0
2008-07-31,111.08,112.21,106.14,107.37,6525545,0
2008-08-01,108.29,110.98,102.15,103.54,5003977,0
2008-08-04,102.37,102.51,90.642,92.239,9752879,0
2008-08-05,90.741,95.708,87.731,93.227,14179643,0
2008-08-06,94.092,97.345,92.367,95.31,7507408,0
2008-08-07,97.122,97.884,92.958,93.463,5234442,0
2008-08-08,90.578,90.95,87.204,88.123,8092462,0
2008-08-11,87.135,88.043,78.028,81.313,13048202,0
2008-08-12,80.272,85.029,80.048,81.891,10924090,0
2008-08-13,83.763,90.385,83.131,90.375,10310862,0
2008-08-14,88.34,91.041,86.293,88.07,8231559,0
2008-08-15,86.093,86.926,79.812,82.301,9642191,0
2008-08-18,84.638,88.779,84.189,85.721,9161352,0
2008-08-19,82.62,89.005,82.532,87.349,7250254,0
2008-08-20,88.987,90.732,87.349,90.229,6259247,0
2008-08-21,92.614,93.256,88.086,91.253,8887806,0
2008-08-22,90.033,91.386,88.189,90.597,6098346,0
2008-08-25,91.981,93.153,88.816,90.346,4352551,0
2008-08-26,91.324,91.78,89.022,89.913,5465136,0
2008-08-27,91.022,92.837,90.642,92.091,5439323,0
2008-08-28,93.042,93.603,88.616,89.67,5509921,0
2008-08-29,90.788,92.016,89.947,90.084,5257915,0
2008-09-02,87.038,87.767,81.695,82.04,8976525,0
2008-09-03,82.109,85.046,76.374,78.566,12491435,0
2008-09-04,77.847,79.139,72.606,74.078,10938515,0
2008-09-05,74.918,80.048,72.468,79.769,12779167,0
2008-09-08,82.889,83.512,72.45,73.748,12463795,0
2008-09-09,71.193,71.653,64.794,64.991,16986943,0
2008-09-10,65.841,72.078,64.982,69.911,13571468,0
2008-09-11,67.044,72.606,65.986,72.241,12159786,0
2008-09-12,73.583,78.281,72.903,77.604,10952209,0
2008-09-15,73.168,76.729,70.147,71.066,10839782,0
2008-09-16,66.756,74.599,65.832,73.627,12110956,0
2008-09-17,73.775,76.765,68.362,70.594,13390340,0
2008-09-18,71.903,74.987,66.742,71.506,11912563,0
2008-09-19,75.95,80.594,73.248,80.454,10809643,0
2008-09-22,81.018,82.777,78.981,80.411,11560478,0
2008-09-23,79.338,79.589,71.739,72.598,11097968,0
2008-09-24,74.304,75.429,71.1,71.158,7258419,0
2008-09-25,71.687,72.58,68.154,71.393,9769410,0
2008-09-26,67.649,67.765,62.227,64.183,10228828,0
2008-09-29,60.399,60.678,52.497,53.799,15033464,0
2008-09-30,55.93,59.326,54.428,57.403,10312820,0
2008-10-01,59.038,60.34,55.53,56.979,13098713,0
2008-10-02,44.38,44.38,33.257,33.463,52896265,0
2008-10-03,35.406,38.042,33.473,34.497,26732892,0
2008-10-06,32.07,32.823,26.526,31.359,37928306,0
2008-10-07,33.568,33.629,28.615,28.615,24035206,0
2008-10-08,27.021,33.319,26.63,30.173,33239521,0
2008-10-09,32.54,35.612,30.045,30.825,28498411,0
2008-10-10,28.58,34.531,27.565,30.719,27459977,0
2008-10-13,33.968,37.961,32.199,37.313,19376384,0
2008-10-14,39.419,39.728,32.07,33.128,25848810,0
2008-10-15,31.627,31.872,28.494,28.598,20878052,0
2008-10-16,30.268,30.315,25.4,27.982,26639675,0
2008-10-17,26.414,30.191,25.989,28.407,21955022,0
2008-10-20,30.66,33.161,30.201,32.851,21815365,0
2008-10-21,31.977,32.66,30.634,30.995,17341399,0
2008-10-22,29.454,29.905,26.17,27.184,16802361,0
2008-10-23,28.383,28.562,22.784,24.334,35843820,0
2008-10-24,20.645,25.037,20.222,23.441,22011172,0
2008-10-27,23.406,25.002,22.367,22.367,13416755,0
2008-10-28,24.361,25.306,21.249,25.306,17665754,0
2008-10-29,25.723,29.541,25.2,28.399,19746548,0
2008-10-30,30.062,32.122,29.732,31.905,17352983,0
2008-10-31,30.816,33.763,30.045,33.257,14503234,0
2008-11-03,33.545,33.96,31.075,31.482,12173824,0
2008-11-04,33.257,35.694,33.171,35.224,14622512,0
2008-11-05,34.843,36.429,32.34,32.375,12504863,0
2008-11-06,31.237,31.646,28.355,28.598,14285737,0
2008-11-07,29.637,31.596,29.145,30.797,12015394,0
2008-11-10,33.12,34.038,30.589,30.858,12459469,0
2008-11-11,29.541,30.201,28.145,28.881,9656424,0
2008-11-12,28.192,28.192,25.28,25.306,11766132,0
2008-11-13,25.876,28.693,24.524,28.615,16779029,0
2008-11-14,27.426,29.367,27.081,27.401,10327720,0
2008-11-17,26.924,27.592,25.738,26.638,9872462,0
2008-11-18,27.089,27.705,25.322,26.474,10713550,0
2008-11-19,26.068,26.715,24.094,24.266,12128151,0
2008-11-20,23.148,23.21,18.513,18.824,20078180,0
2008-11-21,20.427,21.114,19.457,21.051,15439267,0
2008-11-24,23,23.822,22.247,22.922,11418969,0
2008-11-25,23.781,24.231,22.091,23.503,7042439,0
2008-11-26,22.282,25.124,22.054,24.907,7962392,0
2008-11-28,25.133,25.714,24.24,25.617,2829307,0
2008-12-01,24.379,24.379,21.312,21.433,7638147,0
2008-12-02,20.057,22.991,19.962,22.922,18664240,0
2008-12-03,21.944,23.503,21.44,22.706,11888892,0
2008-12-04,22.352,23.605,21.65,22.188,8265020,0
2008-12-05,21.571,23.294,20.721,23.267,7422410,0
2008-12-08,24.579,26.043,24.474,25.356,8003215,0
2008-12-09,24.82,28.399,24.811,26.934,10204249,0
2008-12-10,27.688,29.489,27.688,28.934,10609606,0
2008-12-11,27.723,29.776,25.159,25.997,10345240,0
2008-12-12,24.474,27.35,23.641,26.586,7932605,0
2008-12-15,27.653,28.276,26.17,26.553,6414828,0
2008-12-16,28.39,30.408,28.276,30.347,10645840,0
2008-12-17,29.959,32.565,29.877,31.369,10887078,0
2008-12-18,32.131,32.194,28.737,29.324,6897360,0
2008-12-19,28.535,29.514,27.982,28.365,6724099,0
2008-12-22,28.857,28.857,25.374,26.242,6674630,0
2008-12-23,26.596,27.947,26.187,26.465,7532278,0
2008-12-24,26.898,26.915,25.834,26.352,2243690,0
2008-12-26,26.474,27.723,25.971,27.504,2832493,0
2008-12-29,28.399,28.944,27.513,28.589,5481664,0
2008-12-30,28.693,28.978,27.662,28.865,4705272,0
2008-12-31,28.796,29.766,28.606,29.202,4876628,0
2009-01-02,29.688,31.333,29.367,31.11,6322119,0
2009-01-05,31.119,32.911,30.963,31.794,12341919,0
2009-01-06,31.414,32.946,29.414,32.54,19277048,0
2009-01-07,32.989,34.73,32.114,32.444,15297038,0
2009-01-08,31.776,33.763,30.781,33.561,11653566,0
2009-01-09,34.071,34.244,32.296,32.737,7084002,0
2009-01-12,32.381,32.381,28.58,29.167,11724159,0
2009-01-13,28.786,30.14,28.257,29.602,8548666,0
2009-01-14,28.693,28.779,27.133,28.027,8466042,0
2009-01-15,27.903,29.704,26.31,29.091,9322006,0
2009-01-16,30.399,30.797,28.719,29.913,8616461,0
2009-01-20,29.359,29.447,27.055,27.133,7837690,0
2009-01-21,27.799,28.39,26.638,28.39,7286516,0
2009-01-22,27.401,29.489,26.943,28.648,8589979,0
2009-01-23,27.367,30.937,27.106,29.871,7885566,0
2009-01-26,30.094,31.895,30.009,30.832,8146044,0
2009-01-27,31.333,31.542,29.959,30.838,6225864,0
2009-01-28,31.656,32.737,31.247,31.872,8418286,0
2009-01-29,31.151,31.646,30.418,30.494,5968938,0
2009-01-30,30.875,31.004,29.367,30.104,7460634,0
2009-02-02,29.257,30.807,28.865,29.999,6590407,0
2009-02-03,30.218,30.901,29.68,30.667,5778945,0
2009-02-04,31.257,33.188,30.93,32.911,9704683,0
2009-02-05,32.557,35.406,32.452,34.895,11407732,0
2009-02-06,36.083,38.37,35.864,38.024,17367767,0
2009-02-09,38.647,41.079,37.503,38.515,17650029,0
2009-02-10,38.351,39.625,36.463,37.277,14343378,0
2009-02-11,38.404,38.431,34.566,35.604,12949358,0
2009-02-12,34.6,36.413,33.586,36.332,11303320,0
2009-02-13,36.308,36.863,35.685,36.185,8035295,0
2009-02-17,34.175,34.48,32.833,33.37,11169016,0
2009-02-18,34.081,35.19,33.257,34.497,8923436,0
2009-02-19,35.597,36.931,35.044,35.215,8020155,0
2009-02-20,33.803,36.158,33.595,35.882,8330235,0
2009-02-23,36.819,37.526,30.173,30.286,17369810,0
2009-02-24,30.807,33.249,30.781,32.798,14865861,0
2009-02-25,34.557,35.155,32.963,33.015,13084100,0
2009-02-26,33.838,35.068,33.422,33.473,8975745,0
2009-02-27,32.487,36.894,31.977,36.332,21368947,0
2009-03-02,34.713,34.946,31.18,31.838,18292110,0
2009-03-03,32.573,34.816,32.496,33.88,13159554,0
2009-03-04,35.676,37.47,34.513,35.345,20044562,0
2009-03-05,34.227,35.84,33.399,33.829,10008655,0
2009-03-06,34.6,35.085,31.881,33.05,10923820,0
2009-03-09,32.324,34.886,31.864,34.056,8653366,0
2009-03-10,35.788,37.503,35.544,37.209,11720324,0
2009-03-11,37.961,38.697,36.931,38.422,11732022,0
2009-03-12,37.599,37.912,35.304,36.463,14201681,0
2009-03-13,37.068,37.068,34.307,35.51,11194137,0
2009-03-16,35.815,36.681,34.775,34.895,8590636,0
2009-03-17,34.895,35.918,34.089,35.668,8351063,0
2009-03-18,35.052,36.127,34.29,35.901,7625049,0
2009-03-19,37.131,37.92,36.566,36.713,9971858,0
2009-03-20,37.06,37.526,34.721,35.13,7977552,0
2009-03-23,36.491,37.78,35.848,37.78,8992690,0
2009-03-24,36.698,39.52,36.539,37.985,11980154,0
2009-03-25,38.898,39.668,36.819,38.379,9641901,0
2009-03-26,38.924,40.759,38.924,40.681,11233582,0
2009-03-27,40.309,42.008,39.061,39.714,11620238,0
2009-03-30,37.977,37.977,35.604,36.074,11567124,0
2009-03-31,36.894,37.053,35.233,35.432,9101620,0
2009-04-01,34.816,37.526,34.41,37.077,10204976,0
2009-04-02,38.515,38.697,36.731,37.028,10083808,0
2009-04-03,36.222,38.515,36.203,38.515,7316788,0
2009-04-06,37.331,37.995,36.636,37.883,6472616,0
2009-04-07,37.037,37.277,36.083,36.238,9299327,0
2009-04-08,34.591,38.543,34.081,38.489,20755028,0
2009-04-09,38.768,39.436,37.156,37.616,12255826,0
2009-04-13,36.793,37.692,36.549,37.347,6163635,0
2009-04-14,36.958,38.169,36.793,37.565,5460767,0
2009-04-15,37.226,37.668,36.74,37.659,5741947,0
2009-04-16,37.746,37.968,36.603,36.872,4461732,0
2009-04-17,36.872,36.903,35.581,35.597,5360453,0
2009-04-20,34.914,35.093,32.823,33.188,9128390,0
2009-04-21,32.504,33.708,32.199,32.815,6212147,0
2009-04-22,32.225,33.665,31.293,32.565,8253499,0
2009-04-23,32.487,33.422,31.888,32.243,7890516,0
2009-04-24,32.805,34.767,32.573,34.566,7238163,0
2009-04-27,33.536,33.848,32.59,32.887,6919918,0
2009-04-28,32.418,33.234,31.977,32.833,4766238,0
2009-04-29,33.171,33.96,32.911,33.786,4832962,0
2009-04-30,34.576,35.658,33.857,34.143,6386825,0
2009-05-01,34.418,36.454,34.202,35.743,7837457,0
2009-05-04,36.636,37.555,36.29,37.365,9327643,0
2009-05-05,37.285,39.347,36.958,39.053,10693171,0
2009-05-06,39.714,39.957,38.1,38.655,7282465,0
2009-05-07,39.487,39.903,37.173,38.422,9964622,0
2009-05-08,38.966,39.208,37.503,38.361,6090249,0
2009-05-11,37.883,38.498,37.094,37.616,5169165,0
2009-05-12,38.223,40.511,37.313,40.233,10843666,0
2009-05-13,40.197,41.567,38.506,39.107,12406057,0
2009-05-14,38.872,42.91,38.57,42.476,14130814,0
2009-05-15,43.437,44.581,42.111,43.299,13305285,0
2009-05-18,44.258,46.418,43.905,46.418,10608169,0
2009-05-19,46.374,48.487,46.193,47.993,12599430,0
2009-05-20,48.894,50.081,47.657,47.95,11987460,0
2009-05-21,46.287,46.331,44.225,45.021,11406587,0
2009-05-22,46.14,47.682,46.003,46.72,9627782,0
2009-05-26,46.089,47.81,45.611,47.57,7636436,0
2009-05-27,47.388,48.495,45.725,46.044,10059284,0
2009-05-28,46.696,47.041,45.439,46.573,6297347,0
2009-05-29,47.264,47.562,45.431,46.166,6861687,0
2009-06-01,47.171,48.081,46.842,47.657,8285469,0
2009-06-02,47.742,48.317,45.239,47.234,6167265,0
2009-06-03,46.331,46.513,43.758,44.258,9326738,0
2009-06-04,44.407,46.166,44.277,45.3,7903221,0
2009-06-05,45.994,46.053,44.096,44.84,6585647,0
2009-06-08,44.096,44.122,42.857,43.68,5268117,0
2009-06-09,44.434,45.838,44.114,45.342,5248524,0
2009-06-10,46.303,47.666,45.403,46.652,8068299,0
2009-06-11,46.478,48.307,46.243,47.544,6980303,0
2009-06-12,46.85,47.787,46.114,46.823,5423075,0
2009-06-15,45.914,45.975,44.424,44.831,5411354,0
2009-06-16,45.413,45.533,42.622,43.22,6227919,0
2009-06-17,41.35,41.35,38.862,39.036,16042812,0
2009-06-18,38.778,39.894,38.48,38.637,8410211,0
2009-06-19,39.208,39.859,38.768,39.2,6564281,0
2009-06-22,38.118,38.515,35.612,35.676,9138192,0
2009-06-23,36.083,37.397,35.588,37.01,7825436,0
2009-06-24,37.643,38.498,36.872,37.209,6954657,0
2009-06-25,36.819,37.331,36.29,36.958,6042671,0
2009-06-26,35.97,37.103,35.788,36.585,8120790,0
2009-06-29,37.122,39.41,36.539,38.768,11606672,0
2009-06-30,38.151,38.672,37.268,37.39,11175933,0
2009-07-01,38.144,38.543,36.828,36.966,5918034,0
2009-07-02,36.403,39.243,36.403,38.074,8935996,0
2009-07-06,37.156,37.452,35.797,36.828,5977362,0
2009-07-07,36.731,36.966,34.68,34.816,7155340,0
2009-07-08,34.879,35.571,33.603,34.323,7112039,0
2009-07-09,35.2,36.454,35.026,36.093,6932854,0
2009-07-10,35.612,37.756,33.455,34.713,24623689,0
2009-07-13,34.263,35.831,33.243,35.831,12348253,0
2009-07-14,36.446,37.094,35.815,36.472,8345343,0
2009-07-15,37.122,38.057,36.645,37.599,8027095,0
2009-07-16,41.055,42.754,40.421,42.183,23062602,0
2009-07-17,41.863,45.881,40.805,41.825,31595821,0
2009-07-20,41.583,42.795,40.543,41.453,12701906,0
2009-07-21,42.033,42.918,40.952,41.463,7082005,0
2009-07-22,40.787,40.994,39.755,40.864,7376314,0
2009-07-23,40.309,44.297,40.309,43.421,11878005,0
2009-07-24,42.953,45.351,42.9,45.111,9954476,0
2009-07-27,45.215,46.079,44.162,44.494,7510983,0
2009-07-28,43.748,43.966,42.138,42.918,7343007,0
2009-07-29,42.311,42.311,40.985,41.547,6367657,0
2009-07-30,42.484,44.287,42.467,43.635,6348136,0
2009-07-31,43.229,44.442,42.84,44.008,5452520,0
2009-08-03,45.481,46.705,45.151,46.53,7422906,0
2009-08-04,45.895,46.459,44.98,45.3,5529268,0
2009-08-05,45.82,46.918,45.49,45.611,7316394,0
2009-08-06,46.295,46.546,44.918,45.904,5294450,0
2009-08-07,46.418,46.634,45.021,45.385,5402142,0
2009-08-10,45.221,45.734,44.132,44.642,3669866,0
2009-08-11,44,44.892,43.603,43.82,4633392,0
2009-08-12,43.386,45.274,43.211,44.763,6193324,0
2009-08-13,45.697,46.791,44.86,46.123,4914938,0
2009-08-14,45.968,46.053,45.239,45.63,3630071,0
2009-08-17,43.973,44.052,42.926,43.144,4789013,0
2009-08-18,43.722,44.794,43.291,44.46,4107103,0
2009-08-19,43.549,45.577,43.282,45.012,4482956,0
2009-08-20,45.257,46.243,45.111,45.968,5496597,0
2009-08-21,45.923,46.624,45.56,45.959,5553683,0
2009-08-24,46.339,47.034,44.945,45.283,6132511,0
2009-08-25,45.342,45.914,43.367,43.932,7263365,0
2009-08-26,43.801,44.434,43.239,43.619,4543032,0
2009-08-27,43.376,43.714,42.642,43.357,3850100,0
2009-08-28,42.528,42.778,41.521,42.033,8059448,0
2009-08-31,41.071,41.567,40.708,40.906,4688401,0
2009-09-01,40.821,42.865,40.638,41.696,9781948,0
2009-09-02,42.287,43.202,41.143,42.745,7250547,0
2009-09-03,43.255,43.341,42.407,42.935,3770828,0
2009-09-04,42.795,43.635,42.622,43.341,3335643,0
2009-09-08,43.86,44.72,43.801,44.162,4774769,0
2009-09-09,44.347,44.485,43.039,43.541,4720873,0
2009-09-10,42.804,43.152,41.929,42.804,6018823,0
2009-09-11,43.471,44.78,43.453,44.104,8153367,0
2009-09-14,42.458,43.775,42.329,43.498,5321038,0
2009-09-15,43.966,45.499,43.852,45.29,7692563,0
2009-09-16,45.49,45.785,44.337,44.763,6309032,0
2009-09-17,44.398,46.208,44.354,45.342,6225068,0
2009-09-18,44.632,46.166,44.632,45.785,5151384,0
2009-09-21,43.697,44.052,42.961,43.386,8477073,0
2009-09-22,44.104,44.927,43.481,43.811,5932877,0
2009-09-23,43.86,44.026,42.345,42.537,7214561,0
2009-09-24,42.761,43.758,42.205,42.537,5791080,0
2009-09-25,42.287,42.493,41.36,41.53,4631440,0
2009-09-28,41.567,42.067,41.392,41.806,4644184,0
2009-09-29,41.974,42.197,41.055,41.159,4495554,0
2009-09-30,41.383,41.506,40.258,40.568,5929471,0
2009-10-01,40.63,40.708,39.044,39.184,8238834,0
2009-10-02,38.56,39.625,38.074,38.975,4960374,0
2009-10-05,39.53,39.53,37.977,38.785,8977346,0
2009-10-06,40.249,41.35,39.964,40.414,10240698,0
2009-10-07,40.976,41.003,40.051,40.708,5529126,0
2009-10-08,41.498,42.248,41.35,41.91,8740389,0
2009-10-09,41.316,42.545,41.316,41.557,5147808,0
2009-10-12,41.982,42.345,40.805,41.575,5053474,0
2009-10-13,41.567,41.91,40.936,41.392,3898491,0
2009-10-14,42.197,43.116,42.027,42.571,6911459,0
2009-10-15,42.389,42.986,42.233,42.761,3842096,0
2009-10-16,42.345,43.949,42.302,43.556,7580931,0
2009-10-19,44.234,45.568,43.887,45.266,8888205,0
2009-10-20,45.465,45.499,44.096,44.91,5201319,0
2009-10-21,44.297,46.401,44.139,44.98,7342143,0
2009-10-22,44.652,45.655,43.896,44.918,7552761,0
2009-10-23,45.059,45.49,43.515,43.705,5401158,0
2009-10-26,43.923,44.632,41.661,42.093,10254805,0
2009-10-27,42.111,42.528,41.35,41.425,5548993,0
2009-10-28,41.126,42.197,39.919,40.069,6857920,0
2009-10-29,40.597,41.774,40.518,41.325,4480998,0
2009-10-30,41.463,41.463,38.957,39.436,7215748,0
2009-11-02,40.258,40.906,39.166,40.042,7113443,0
2009-11-03,39.496,41.219,39.252,40.63,5364725,0
2009-11-04,41.133,41.999,41.003,41.159,5542287,0
2009-11-05,41.583,41.782,40.552,41.766,4912586,0
2009-11-06,41.27,42.603,41.27,42.493,4630469,0
2009-11-09,43.827,44.035,43.057,43.507,4694533,0
2009-11-10,43.635,44.46,43.202,44.172,6014987,0
2009-11-11,44.572,45.031,44.026,44.86,4774995,0
2009-11-12,44.59,44.866,42.666,43.064,10371179,0
2009-11-13,43.247,43.525,41.325,41.687,7494794,0
2009-11-16,42.287,43.748,42.205,43.22,6076875,0
2009-11-17,43.019,46.027,42.995,45.715,8820000,0
2009-11-18,46.322,47.423,45.914,47.162,9098150,0
2009-11-19,46.72,47.016,45.413,46.832,5086114,0
2009-11-20,46.027,47.975,45.895,47.916,7146660,0
2009-11-23,48.531,49.743,47.309,47.63,7736553,0
2009-11-24,47.63,47.647,46.303,46.87,6020505,0
2009-11-25,47.135,48.505,46.842,48.495,4172087,0
2009-11-27,46.452,47.916,46.357,47.082,2686523,0
2009-11-30,47.135,47.907,46.763,47.171,4040842,0
2009-12-01,47.889,49.961,47.865,49.526,7994615,0
2009-12-02,50.072,53.626,49.814,53.443,15788325,0
2009-12-03,53.687,53.745,51.91,52.481,7419040,0
2009-12-04,53.781,54.112,49.486,50.497,11412723,0
2009-12-07,51.313,52.609,50.914,51.927,7044014,0
2009-12-08,51.486,52.413,51.113,51.346,5748917,0
2009-12-09,51.623,52.065,50.895,51.658,5835270,0
2009-12-10,52.221,52.413,51.113,51.711,4409403,0
2009-12-11,52.073,52.587,50.549,51.104,5817296,0
2009-12-14,51.398,51.685,50.289,51.096,4881257,0
2009-12-15,51.068,53.332,50.721,51.2,6147259,0
2009-12-16,51.685,52.368,51.132,51.702,3936839,0
2009-12-17,51.086,51.113,48.333,48.539,9879283,0
2009-12-18,48.514,49.112,47.397,47.838,8237818,0
2009-12-21,49.666,50.851,49.476,50.515,8822473,0
2009-12-22,49.883,51.043,49.771,50.81,6527155,0
2009-12-23,51.623,52.497,51.155,52.24,5305620,0
2009-12-24,51.92,52.784,51.745,52.506,2251434,0
2009-12-28,53.218,53.372,52.368,52.698,2668404,0
2009-12-29,52.221,52.275,51.06,51.702,3725504,0
2009-12-30,51.123,52.065,51.043,51.771,2160351,0
2009-12-31,52.153,52.275,51.745,51.745,2102285,0
2010-01-04,52.368,54.023,52.05,53.459,4701037,0
2010-01-05,54.084,55.297,54.084,54.707,7509741,0
2010-01-06,55.758,57.133,54.55,56.805,11543003,0
2010-01-07,56.389,57.48,55.835,56.971,6399566,0
2010-01-08,56.952,58.017,56.726,57.783,4703456,0
2010-01-11,58.78,59.152,56.641,57.444,4653712,0
2010-01-12,54.865,55.758,53.426,54.135,11813014,0
2010-01-13,53.936,54.361,52.587,54.179,7885961,0
2010-01-14,54.38,54.655,52.515,52.708,5213859,0
2010-01-15,53.252,54.223,52.595,53.332,6302466,0
2010-01-19,53.279,54.665,53.183,54.612,5171033,0
2010-01-20,53.877,54.041,52.68,53.737,4984118,0
2010-01-21,53.781,54.924,51.995,52.04,6626853,0
2010-01-22,52.05,52.413,50.523,50.792,4471128,0
2010-01-25,51.43,52.561,50.887,50.905,3715281,0
2010-01-26,50.376,52.177,49.431,50.75,5406881,0
2010-01-27,50.948,51.398,49.154,50.28,4826804,0
2010-01-28,49.814,50.419,47.49,48.133,8110296,0
2010-01-29,48.721,49.629,46.089,46.357,6836545,0
2010-02-01,46.85,48.748,46.823,48.748,4119566,0
2010-02-02,49.173,49.249,47.865,48.817,5843995,0
2010-02-03,49.684,50.627,49.173,49.933,5567096,0
2010-02-04,48.876,49.119,46.791,46.791,5622964,0
2010-02-05,47.162,47.95,45.801,47.803,5525544,0
2010-02-08,48.22,49.042,47.225,47.249,4493209,0
2010-02-09,48.114,49.814,48.114,49.303,5823672,0
2010-02-10,49.89,50.358,48.929,49.743,5890720,0
2010-02-11,49.988,51.043,49.735,50.611,7246678,0
2010-02-12,49.717,51.225,49.467,50.966,5056277,0
2010-02-16,51.977,52.36,51.496,52.307,5196944,0
2010-02-17,53.165,53.356,52.153,53.071,5502555,0
2010-02-18,52.767,53.063,51.91,52.464,5736883,0
2010-02-19,52.924,53.149,52.24,52.654,5172613,0
2010-02-22,53.208,53.208,52.24,52.571,4878722,0
2010-02-23,52.481,52.637,50.713,51.008,4918357,0
2010-02-24,50.679,50.999,49.396,49.916,4965895,0
2010-02-25,49.381,50.94,48.47,50.697,6096138,0
2010-02-26,50.887,51.235,50.108,50.585,3333467,0
2010-03-01,50.688,51.546,50.219,51.504,3963227,0
2010-03-02,53.054,53.927,52.759,53.27,5514523,0
2010-03-03,53.27,53.909,52.897,53.08,3571768,0
2010-03-04,53.288,53.599,52.101,52.351,4243176,0
2010-03-05,53.149,53.842,53.027,53.364,4577269,0
2010-03-08,53.753,54.135,53.08,53.175,2549674,0
2010-03-09,52.845,53.814,52.515,52.828,4315563,0
2010-03-10,53.08,53.104,51.937,52.284,5125355,0
2010-03-11,52.298,52.36,51.259,51.92,4023573,0
2010-03-12,54.898,56.051,54.673,55.272,13018324,0
2010-03-15,55.029,55.263,53.712,54.05,5038041,0
2010-03-16,54.578,55.244,54.317,54.612,4264189,0
2010-03-17,55.142,55.176,53.349,53.633,4681820,0
2010-03-18,53.488,53.927,51.259,51.597,9813215,0
2010-03-19,51.753,51.883,50.342,50.611,5944963,0
2010-03-22,49.909,51.439,49.666,51.277,5467447,0
2010-03-23,51.06,51.805,50.507,51.235,4055587,0
2010-03-24,50.713,52.716,50.636,52.221,7409603,0
2010-03-25,52.967,53.104,50.515,50.627,5528518,0
2010-03-26,50.966,52.153,50.785,51.417,4403840,0
2010-03-29,52.04,52.663,51.467,52.17,3707713,0
2010-03-30,52.177,52.481,51.467,52.023,3092505,0
2010-03-31,51.667,52.672,51.667,52.644,5120136,0
2010-04-01,51.632,52.16,49.988,50.531,12849350,0
2010-04-05,51.191,51.191,49.988,50.239,5471126,0
2010-04-06,49.814,50.497,49.694,49.847,4061265,0
2010-04-07,49.779,50.324,49.093,49.373,5731846,0
2010-04-08,48.956,49.971,48.661,49.89,3164127,0
2010-04-09,50.437,50.437,48.799,49.076,5785893,0
2010-04-12,49.267,49.422,48.817,49.163,3452342,0
2010-04-13,48.965,49.526,48.635,49.188,5469681,0
2010-04-14,48.133,48.514,47.264,47.993,10490757,0
2010-04-15,48.133,48.844,47.62,47.787,5732767,0
2010-04-16,47.657,47.77,46.705,46.895,6347909,0
2010-04-19,46.487,46.661,44.962,46.079,7153988,0
2010-04-20,46.599,47.734,46.521,47.578,5204233,0
2010-04-21,47.959,47.959,45.663,46.114,6280123,0
2010-04-22,45.697,46.878,45.274,46.85,4798852,0
2010-04-23,47.088,47.097,45.572,46.594,4946538,0
2010-04-26,46.365,46.782,45.093,45.215,7527464,0
2010-04-27,45.041,45.102,43.576,43.82,9314871,0
2010-04-28,44.139,45.248,43.603,45.003,7375051,0
2010-04-29,45.093,45.705,44.008,44.624,5974422,0
2010-04-30,44.91,45.473,44.277,44.306,5216678,0
2010-05-03,44.772,44.996,43.349,44.162,4164108,0
2010-05-04,43.619,43.644,42.311,42.537,6089977,0
2010-05-05,41.894,43.247,41.088,41.845,7377390,0
2010-05-06,42.156,43.247,39.555,41.289,8337205,0
2010-05-07,41.289,42.622,40.726,41.721,10194627,0
2010-05-10,43.367,43.654,41.798,42.215,6551749,0
2010-05-11,41.643,41.903,41.15,41.298,4947061,0
2010-05-12,42.059,42.891,41.515,42.795,6824195,0
2010-05-13,42.449,42.579,41.453,41.609,4063620,0
2010-05-14,41.27,41.974,40.83,41.375,4645976,0
2010-05-17,41.289,41.6,39.687,40.597,4628800,0
2010-05-18,41.185,42.165,41.143,41.583,8381873,0
2010-05-19,41.557,41.652,39.772,40.597,6230052,0
2010-05-20,39.288,39.876,38.57,38.957,6837685,0
2010-05-21,38.196,39.85,38.128,39.6,6206171,0
2010-05-24,40.345,40.345,38.932,38.932,4343242,0
2010-05-25,37.461,38.794,37.077,38.706,7437592,0
2010-05-26,39.131,39.312,37.849,38.118,4696068,0
2010-05-27,38.975,40.734,38.89,40.734,6445924,0
2010-05-28,40.847,41.003,39.633,39.996,3491090,